Receiving......
1030
1010
1010
1010
1010
1010
1020
1030
1052
1041
1041
1030
1030
1052
1030
1052
1960
1041
1052
1041
1030
1010
1010
1010
1010
1010
1010
1010
1010
1010
1010
1010
1010
1010
1010
1020
1030
1052
1030
1041
1052
1041
1041
1052
1041
1041
1063
1041
1030
1041
1030
1010
1010
1010
1010
1010
1020
1010
1010
1010
1010
1020
1010
1010
1010
1020
1041
1052
1041
1052
1041
1052
1020
1041
1052
1041
1041
1052
1030
1041
1030
1010
1010
1010
1010
1010
1010
1010
1010
1010
1010
1010
1010
1020
1010
1030
1041
1041
1041
1052
1041
1041
1041
1041
1041
1052
1041
1041
1030
1041
1030
1020
1010
1020
1020
1020
1010
1010
1010
1020
1010
1010
1020
1010
1020
1052
1052
1041
1041
1041
1041
2083
1041
1063
1388
1030
1041
1030
1041
1075
1010
1020
1010
1010
1010
1020
1010
1010
1020
1010
1020
1020
1020
1010
1020
1063
1041
1041
1041
1052
1030
1041
1063
1041
1041
1041
1041
1041
1041
1020
1010
1010
1010
1010
1020
1010
1010
1010
1010
1010
1020
1010
1020
1010
1030
1052
1041
1041
1041
1052
1030
1063
1041
1041
1052
1030
1041
1020
1052
1030
1020
1020
1020
1020
1020
1020
1020
1020
1020
1020
1010
1020
1010
1020
1052
1052
1052
1041
1041
1041
1041
1030
1052
1030
1052
1041
1041
1041
1041
1010
1020
1010
1010
1010
1010
1010
1020
1020
1010
1020
1010
1020
1010
1020
1052
1041
1851
1041
1388
1052
1041
1052
1030
1052
1041
1041
1041
1041
1052
1010
1010
1010
1010
1010
1010
1020
1010
1010
1010
1020
1010
1020
1010
1030
1041
1052
1063
1041
1041
1041
1063
1020
1052
1041
1020
1030
1041
1041
1030
1020
1010
1020
1010
1010
1010
1020
1010
1010
1010
1010
1010
1010
1010
1041
1041
1041
1030
1041
1030
1052
1030
1041
1041
1030
1063
1041
1030
1052
1020
1010
1010
1010
1010
1020
1010
1010
1010
1010
1010
1020
1010
1020
1020
1041
1041
1030
1063
1041
1052
1052
1041
1041
1041
1041
1041
1041
1041
1041
1010
1020
1010
1020
1010
1010
1010
1010
1010
1010
1010
1010
1098
1010
1408
1041
1041
1052
1030
1041
1030
1052
1020
1041
1052
1041
1030
1041
1030
1010
1010
1010
1010
1020
1020
1010
1020
1010
1010
1010
1020
1020
1020
1030
1052
1041
1041
1041
1030
1052
1052
1041
1052
1041
1041
1030
1052
1041
1030
1010
1010
1010
1010
1010
1020
1010
1020
1010
1010
1010
1010
1010
1010
1030
1063
1041
1041
1041
1030
1041
1052
1020
1052
1030
1041
1030
1052
1041
1020
1010
1010
1010
1020
1010
1020
1010
1020
1010
1010
1020
1010
1010
1010
1041
1041
1030
1041
1041
1041
1020
1030
1063
1041
1020
1052
1041
1030
1052
1020
1010
1010
1010
1010
1010
1020
1010
1098
1123
487
487
492
537
598
621
609
606
568
609
595
613
609
609
613
598
617
606
552
495
495
490
471
454
456
448
448
448
454
448
448
456
450
510
561
598
584
591
568
581
584
584
578
581
581
574
581
584
500
460
431
429
431
432
434
432
432
434
434
436
432
432
432
534
574
578
591
591
581
588
584
588
581
591
584
588
591
595
487
454
436
442
432
431
431
431
434
429
429
434
434
431
431
549
574
581
588
574
581
581
574
581
574
595
591
617
613
613
497
471
450
444
450
606
450
446
454
450
446
448
448
448
436
571
578
609
625
625
613
628
609
625
613
595
598
606
602
591
497
502
485
495
467
454
462
471
480
495
485
492
500
505
502
609
617
621
617
613
591
595
598
602
621
602
598
595
613
578
500
490
483
485
495
490
487
487
485
490
483
492
495
500
502
595
609
613
609
617
609
617
609
609
595
588
591
598
602
581
487
485
480
490
480
487
478
452
454
454
458
446
448
448
500
571
584
584
581
578
591
578
591
617
613
621
617
617
617
549
671
485
492
495
512
497
507
523
487
460
448
452
448
448
520
602
636
625
628
617
609
602
606
621
617
609
613
613
609
558
497
497
510
490
495
490
500
497
490
512
495
502
520
497
549
617
621
606
574
558
571
561
568
564
564
558
558
561
568
510
452
454
454
452
450
450
458
411
413
404
398
395
400
400
480
520
523
523
520
549
581
578
588
581
584
574
588
588
578
492
460
446
446
458
438
431
438
431
436
429
434
427
436
425
558
571
581
581
581
574
584
581
588
578
740
568
869
568
574
458
438
442
442
440
440
440
438
442
440
446
440
438
438
440
578
581
581
584
591
588
578
584
571
584
571
609
617
609
621
478
460
454
448
450
450
440
442
440
440
442
442
444
442
460
568
588
581
598
581
591
584
584
591
584
584
578
578
581
555
462
448
444
438
438
440
444
440
440
446
440
440
438
438
473
568
591
584
588
584
625
621
621
609
609
613
613
621
606
584
480
483
473
485
487
497
495
480
446
440
442
444
438
438
490
568
568
584
588
584
568
578
781
568
609
609
613
613
609
558
492
485
487
497
487
502
510
473
452
448
450
448
446
446
507
578
581
588
578
581
581
581
591
581
595
574
574
574
574
515
456
442
440
442
442
440
438
440
440
442
440
438
440
440
529
571
581
578
574
581
581
584
578
581
581
584
578
588
568
480
456
444
558
438
440
440
438
436
442
438
555
442
440
438
571
606
609
609
606
591
591
584
606
598
609
595
746
591
598
515
487
483
485
476
485
480
478
485
478
500
492
492
510
476
602
598
613
657
609
606
602
606
591
581
595
591
568
561
564
471
487
456
450
476
549
552
561
564
558
558
561
564
571
561
564
564
561
568
555
460
454
456
456
454
458
448
454
450
458
448
450
452
448
471
598
606
617
606
621
602
621
606
617
617
617
595
595
578
574
485
492
483
495
483
487
483
480
480
492
505
502
495
478
505
598
613
609
609
606
598
574
555
561
568
564
564
558
598
571
485
487
485
487
480
490
490
487
483
487
490
492
492
502
699
609
595
617
617
609
595
606
584
595
602
606
595
595
595
537
490
485
483
490
483
476
480
480
476
492
480
497
492
456
529
568
581
578
591
578
584
584
584
588
588
571
581
584
609
507
458
444
450
571
450
438
440
442
444
438
440
446
438
438
552
568
581
584
617
609
617
636
613
613
617
617
613
740
595
502
483
478
483
487
492
505
480
454
450
448
448
446
440
444
609
625
617
625
617
606
588
571
568
555
568
574
564
561
555
467
458
454
462
450
458
458
458
454
460
492
454
448
462
458
568
588
581
581
584
568
588
617
621
595
591
588
588
591
606
478
487
480
487
485
483
480
469
473
483
473
490
502
510
507
609
598
625
613
606
588
574
598
606
598
595
588
609
609
591
485
487
480
490
487
492
480
478
480
480
487
495
497
476
497
571
568
581
581
584
578
602
581
581
581
588
578
578
588
537
462
446
442
440
438
440
442
440
442
442
442
438
442
440
497
568
578
588
595
613
613
621
625
617
609
621
609
606
602
549
480
478
480
483
487
487
485
452
456
448
440
450
450
448
540
602
617
621
628
602
595
591
591
598
595
613
606
595
606
537
492
458
454
456
454
454
458
450
446
454
454
452
446
462
543
606
609
606
621
613
613
598
588
591
602
598
606
595
606
520
456
458
456
458
456
456
452
456
454
462
450
448
448
452
555
571
588
609
621
609
617
617
625
621
617
609
613
598
591
505
465
458
458
487
478
485
487
490
495
505
485
456
448
448
598
606
621
602
613
606
598
595
595
598
606
598
602
602
606

